60 108
73
16 18 14 46
12 18 0 30
9 18 0 86
5 18 16 70
3 18 30 46
25 15 35 45
6 15 10 91
33 14 0 0
14 13 0 54
12 13 33 10
6 13 52 12
21 12 33 72
10 12 6 74
10 12 16 20
2 12 56 0
4 10 39 23
2 10 58 80
12 9 21 64
10 9 6 21
8 9 43 24
6 9 54 99
6 9 46 8
3 9 42 60
3 9 36 23
2 9 58 9
2 9 58 0
25 7 35 33
16 7 0 14
14 7 46 65
11 7 0 67
6 7 16 93
6 7 48 84
5 7 46 17
5 7 55 25
3 7 30 14
3 7 26 73
34 6 26 93
23 6 12 40
14 6 0 48
14 6 28 84
6 6 0 80
6 6 54 74
21 5 14 32
16 5 38 99
16 5 44 40
14 5 16 14
13 5 35 0
7 5 9 86
6 5 42 84
6 5 30 24
5 5 35 64
3 5 43 5
12 4 16 89
4 4 51 25
21 3 17 100
16 3 14 37
13 3 16 105
12 3 32 105
12 3 48 60
8 3 11 67
7 3 33 5
4 3 30 37
2 3 33 1
11 2 2 106
6 2 0 104
6 2 48 91
3 2 13 106
3 2 21 73
3 2 29 103
6 1 0 75
4 1 50 0
3 1 30 73
2 1 0 74
