60 99.0
73
34 6 24.0 48.0
13 3 37.0 35.0
13 5 1.0 1.0
10 12 50.0 0.0
10 12 18.0 23.0
6 7 6.0 0.0
6 15 18.0 75.0
25 7 30.0 44.0
25 15 -0.0 50.0
21 12 39.0 87.0
16 7 0.0 43.0
16 5 38.0 53.0
21 3 12.0 0.0
21 5 38.0 0.0
5 7 31.0 32.0
5 5 48.0 12.0
4 1 0.0 0.0
4 10 24.0 13.0
6 13 3.0 14.0
12 13 18.0 35.0
12 9 15.0 62.0
23 6 12.0 76.0
7 3 0.0 20.0
7 5 30.0 39.0
2 1 49.0 10.0
2 10 0.0 75.0
6 6 12.0 21.0
6 5 49.0 48.0
14 7 2.0 75.0
14 6 40.0 35.0
16 3 9.0 77.0
16 5 49.0 32.0
14 6 54.0 40.0
14 5 19.0 48.0
14 13 24.0 0.0
3 2 31.0 85.0
3 7 40.0 21.0
11 2 0.0 97.0
11 7 53.0 12.0
6 7 43.0 28.0
6 6 37.0 29.0
33 14 46.0 54.0
12 4 37.0 49.0
12 3 30.0 70.0
16 18 0.0 27.0
12 3 46.0 0.0
12 18 34.0 69.0
4 4 27.0 85.0
4 3 43.0 8.0
3 1 28.0 13.0
3 2 9.0 75.0
6 9 43.0 19.0
6 9 18.0 90.0
6 1 0.0 14.0
6 2 33.0 87.0
5 7 55.0 32.0
5 18 29.0 14.0
3 9 24.0 85.0
3 9 24.0 82.0
9 18 15.0 0.0
6 5 24.0 94.0
6 2 6.0 95.0
2 12 15.0 50.0
2 9 9.0 10.0
8 3 3.0 89.0
8 9 30.0 90.0
10 9 50.0 23.0
3 5 6.0 7.0
3 2 0.0 91.0
3 18 34.0 13.0
3 7 45.0 12.0
2 3 27.0 89.0
2 9 17.0 48.0
