60 103
73
6 34 22 13
3 13 14 20
5 13 37 7
12 10 9 63
10 12 4 73
6 7 53 0
6 15 36 40
7 25 53 78
15 25 21 66
12 21 47 14
7 16 28 32
5 16 29 16
3 21 0 82
21 5 36 35
7 5 40 63
5 5 33 61
4 1 38 34
4 10 17 13
6 13 15 0
13 12 34 20
9 12 48 40
6 23 15 73
7 3 29 96
7 5 37 0
1 2 14 12
2 10 46 45
6 6 54 72
6 5 41 68
7 14 53 58
6 14 47 55
3 16 36 69
5 16 18 47
6 14 3 89
5 14 42 6
14 13 23 0
2 3 0 45
7 3 29 93
11 2 35 32
11 7 12 96
6 7 54 7
6 6 30 53
14 33 0 0
4 12 0 70
3 12 9 88
16 18 2 45
3 12 57 35
18 12 0 33
4 4 49 0
4 3 24 100
1 3 59 3
3 2 42 53
6 9 23 91
6 9 47 5
6 1 41 61
2 6 0 64
5 7 23 47
5 18 39 73
9 3 3 85
9 3 23 61
9 18 44 73
5 6 2 63
6 2 47 101
2 12 21 0
9 2 23 59
8 3 28 100
8 9 36 92
9 10 44 91
3 5 14 14
3 2 28 51
3 18 19 23
3 7 12 85
2 3 17 28
2 9 38 55
