60 92
73
33 14 0 0
25 15 21 68
16 18 20 41
21 12 0 80
12 18 36 43
34 6 10 24
14 13 46 67
25 7 26 30
9 18 11 52
12 13 48 43
23 6 37 37
10 12 1 58
10 12 50 80
16 7 5 70
12 9 48 58
21 5 2 36
14 7 32 61
6 15 54 22
5 18 0 15
10 9 21 83
14 6 6 41
14 6 9 30
16 5 44 7
16 5 44 12
6 13 45 17
11 7 49 0
8 9 36 15
14 5 35 0
13 5 31 87
21 3 0 77
6 9 5 49
6 9 20 59
3 18 51 18
16 3 14 18
12 4 31 83
6 7 0 42
6 7 44 85
4 10 10 14
13 3 17 14
6 6 26 62
6 6 30 15
12 3 23 38
12 3 24 21
5 7 0 70
7 5 33 10
5 7 5 14
6 5 35 5
6 5 54 17
3 9 2 49
3 9 7 21
5 5 15 47
2 12 5 21
8 3 16 21
11 2 49 56
7 3 2 33
3 7 23 31
3 7 41 5
2 10 33 0
2 9 0 33
2 9 0 49
4 4 46 80
3 5 12 47
4 3 40 12
6 2 6 47
6 2 30 59
3 2 14 16
3 2 27 60
6 1 24 17
3 2 43 83
2 3 46 61
4 1 46 84
3 1 46 5
2 1 51 36
