60 91
73
33 14 0 0
25 15 21 40
16 18 44 67
21 12 33 10
12 18 18 64
34 6 12 85
14 13 30 67
25 7 5 23
9 18 10 33
12 13 30 22
23 6 37 3
10 12 0 39
10 12 50 55
16 7 34 60
12 9 12 14
21 5 0 59
14 7 46 48
6 15 0 76
5 18 13 67
10 9 3 64
14 6 46 42
14 6 46 85
16 5 32 35
16 5 34 55
6 13 42 22
11 7 19 30
8 9 21 55
14 5 5 51
13 5 31 80
21 3 0 56
6 9 54 9
6 9 54 28
3 18 2 21
16 3 44 0
12 4 48 24
6 7 6 16
6 7 48 29
4 10 33 0
13 3 19 37
6 6 48 36
6 6 54 18
12 3 7 30
12 3 19 82
5 7 8 73
7 5 6 80
5 7 29 55
6 5 6 86
6 5 54 37
3 9 0 64
3 9 27 14
5 5 0 51
2 12 19 44
8 3 0 73
11 2 1 14
7 3 37 0
3 7 24 16
3 7 30 15
2 10 0 20
2 9 0 30
2 9 5 30
4 4 30 63
3 5 7 34
4 3 14 64
6 2 0 16
6 2 48 22
3 2 0 18
3 2 3 18
6 1 6 85
3 2 24 14
2 3 6 77
4 1 30 62
3 1 47 9
2 1 52 28
