60 92
73
33 14 0 0
25 15 29 47
16 18 13 46
21 12 39 4
12 18 13 14
34 6 23 67
13 14 0 57
25 7 35 73
18 9 28 31
13 12 0 45
23 6 31 41
10 12 6 33
12 10 10 72
7 16 3 71
12 9 42 83
21 5 25 26
14 7 46 29
15 6 16 40
18 5 27 21
9 10 4 23
14 6 28 86
6 14 33 2
5 16 22 76
16 5 31 62
13 6 0 17
11 7 45 16
8 9 10 82
14 5 46 36
13 5 32 16
3 21 0 71
6 9 54 83
9 6 33 80
18 3 42 80
16 3 15 64
4 12 2 33
7 6 28 73
6 7 54 41
4 10 18 82
13 3 45 23
6 6 16 34
6 6 54 54
12 3 1 14
3 12 57 61
7 5 16 67
7 5 47 62
5 7 27 14
6 5 27 81
5 6 55 48
3 9 25 31
9 3 50 26
5 5 5 87
2 12 0 30
3 8 22 32
2 11 25 15
7 3 44 1
3 7 1 23
3 7 54 60
10 2 34 0
9 2 51 0
9 2 51 2
4 4 56 19
5 3 23 73
3 4 13 68
6 2 16 32
6 2 27 79
2 3 0 42
3 2 41 2
6 1 34 40
2 3 2 30
2 3 3 89
1 4 0 23
3 1 31 40
2 1 58 25
