60 92
73
14 33 0 0
15 25 0 49
18 16 42 76
12 21 48 55
12 18 41 25
34 6 2 42
13 14 17 28
7 25 53 25
18 9 0 74
12 13 36 57
6 23 54 0
12 10 40 15
10 12 16 54
16 7 37 43
9 12 22 80
5 21 31 69
7 14 18 66
6 15 14 0
18 5 42 50
9 10 23 5
6 14 25 66
14 6 34 0
5 16 35 13
16 5 19 23
6 13 30 29
11 7 21 16
9 8 8 34
5 14 36 29
13 5 41 10
3 21 32 48
6 9 36 73
9 6 15 48
3 18 29 48
3 16 32 7
4 12 14 15
6 7 35 6
7 6 35 51
4 10 38 82
3 13 26 53
6 6 10 86
6 6 48 1
3 12 19 80
12 3 36 70
7 5 20 0
7 5 27 0
5 7 5 85
5 6 0 86
6 5 0 33
3 9 20 6
9 3 45 7
5 5 24 48
12 2 5 83
3 8 18 15
2 11 0 38
3 7 14 27
3 7 15 67
3 7 16 85
2 10 36 82
2 9 6 33
2 9 52 16
4 4 41 6
5 3 0 83
4 3 44 73
6 2 42 55
6 2 54 23
2 3 2 38
2 3 4 38
6 1 2 48
3 2 33 90
2 3 35 48
4 1 48 0
3 1 39 50
2 1 52 0
